20
24
61
64
68
101
125
160
221
223
237
239
298
300
311
343
390
394
397
471
480
481
491
511
519
536
546
560
579
615
619
659
685
689
694
708
719
752
753
764
795
798
808
813
818
822
846
972
979
983
1013
1031
1032
1074
1081
1086
1091
1189
1221
1235
1255
1258
1270
1290
1323
1336
1343
1441
1442
1443
1444
1445
1509
1511
1531
1542
1555
1611
1629
1631
1635
1652
1656
1675
1708
1711
1733
1805
1814
1833
1856
1881
1919
1944
1963
1995
2015
2024
2064
2073
2099
2128
2139
2151
2156
2193
2244
2250
2266
2278
2311
2360
2397
2413
2415
2428
2448
2449
2487
2509
2515
2530
2535
2545
2550
2572
2575
2578
2633
2648
2655
2660
2670
2675
2696
2715
2760
2779
2787
2789
2805
2823
2829
2846
2867
2918
2919
2933
2996
2998
3000
3009
3097
3101
3103
3137
3151
3180
3198
3199
3203
3210
3222
3236
3282
3283
3284
3297
3300
3343
3352
3359
3414
3472
3479
3486
3496
3501
3506
3546
3551
3561
3573
3582
3614
3645
3817
3850
3873
3884
3885
3891
3918
3943
3974
3989
4004
4010
4053
4059
8
14
21
30
42
70
79
123
138
140
149
156
178
186
196
198
206
216
252
269
273
275
285
290
319
333
335
337
340
350
355
356
360
367
372
374
377
393
403
422
447
449
451
452
455
461
468
474
490
514
527
531
548
552
570
581
586
604
617
648
650
666
683
704
705
711
733
738
759
772
781
789
800
807
826
848
870
875
879
884
917
927
935
936
943
964
967
977
982
986
994
1015
1025
1037
1061
1063
1069
1077
1092
1098
1100
1111
1132
1142
1144
1166
1181
1191
1197
1208
1213
1231
1274
1303
1316
1363
1367
1401
1409
1411
1418
1422
1427
1429
1439
1452
1468
1469
1479
1491
1516
1518
1522
1578
1583
1584
1586
1592
1615
1626
1633
1642
1655
1672
1692
1703
1725
1745
1788
1801
1808
1845
1853
1875
1887
1888
1933
1941
1953
1978
1991
1993
1999
2005
2016
2025
2044
2063
2101
2105
2112
2126
2169
2171
2192
2223
2224
2234
2238
2241
2242
2258
2259
2277
2280
2281
2299
2314
2322
2323
2325
2347
2351
2366
2382
2394
2437
2473
2498
2508
2555
2558
2582
2602
2620
2644
2666
2673
2742
2773
2774
2777
2785
2816
2840
2842
2850
2865
2875
2903
2928
2945
2956
2979
3015
3017
3027
3080
3098
3100
3102
3120
3138
3139
3150
3159
3174
3195
3200
3215
3218
3220
3231
3239
3253
3254
3258
3259
3263
3265
3306
3308
3311
3335
3347
3368
3373
3390
3401
3407
3420
3441
3449
3504
3521
3526
3538
3539
3564
3577
3598
3613
3618
3631
3659
3694
3714
3733
3743
3747
3754
3776
3781
3831
3839
3866
3877
3881
3883
3892
3900
3909
3926
3937
3944
3952
4003
4034
4035
4069
