30
33
35
48
78
88
119
131
167
225
228
271
309
315
343
350
486
526
542
555
571
700
702
731
762
804
836
846
856
866
885
898
928
933
938
941
968
1001
1060
1095
1099
1115
1118
1166
1184
1194
1196
1205
1215
1227
1249
1277
1441
1442
1443
1444
1445
1481
1494
1502
1518
1557
1563
1576
1582
1606
1608
1609
1630
1637
1643
1649
1674
1683
1691
1702
1710
1734
1753
1754
1771
1779
1780
1807
1833
1836
1851
1869
1872
1882
1935
1939
1948
1973
1976
2000
2015
2022
2122
2128
2153
2161
2182
2185
2240
2250
2251
2287
2310
2361
2390
2403
2449
2456
2512
2514
2522
2557
2558
2612
2616
2651
2661
2687
2688
2736
2779
2848
2910
2912
2934
2936
2948
2955
2957
2972
3000
3016
3017
3058
3082
3103
3141
3147
3165
3173
3216
3223
3225
3231
3245
3246
3253
3271
3282
3283
3287
3295
3317
3370
3412
3484
3511
3515
3523
3530
3546
3547
3558
3559
3580
3584
3597
3619
3620
3652
3673
3680
3688
3705
3711
3738
3743
3765
3786
3798
3804
3816
3848
3866
3896
3933
3946
3963
3968
3976
4019
4028
4037
4048
