48
51
52
78
80
119
123
168
199
203
236
313
332
333
361
410
418
420
449
484
499
502
520
527
556
579
608
610
671
683
718
724
737
741
752
758
778
794
823
886
889
940
960
974
1072
1088
1124
1138
1145
1161
1174
1176
1177
1216
1240
1290
1304
1308
1320
1339
1347
1352
1363
1381
1391
1441
1442
1443
1444
1445
1510
1548
1587
1591
1615
1639
1645
1652
1660
1668
1673
1699
1701
1703
1710
1718
1732
1745
1767
1781
1794
1803
1809
1821
1824
1828
1853
1891
1940
1970
2006
2022
2058
2063
2119
2132
2156
2159
2199
2205
2206
2225
2243
2251
2320
2333
2359
2369
2402
2425
2451
2480
2525
2574
2591
2626
2664
2696
2722
2729
2755
2766
2799
2811
2829
2843
2867
2889
2899
2906
2912
2933
2949
2961
2991
3035
3037
3040
3043
3065
3081
3096
3131
3154
3160
3200
3223
3274
3293
3302
3315
3338
3387
3401
3433
3434
3451
3454
3460
3479
3488
3492
3514
3526
3537
3554
3657
3666
3673
3710
3712
3770
3806
3823
3826
3849
3872
3877
3900
3926
3928
3929
3942
3945
3949
3958
3985
3993
4051
4063
