1
9
32
44
51
76
86
93
118
127
132
136
161
164
174
179
209
216
232
268
269
274
334
344
365
367
370
381
395
411
444
467
484
517
519
533
577
587
591
601
609
610
634
637
646
689
703
718
746
772
779
799
877
949
975
982
1003
1009
1011
1033
1100
1142
1152
1192
1244
1246
1274
1296
1355
1361
1365
1441
1442
1443
1444
1445
1468
1472
1475
1500
1535
1542
1587
1599
1610
1614
1661
1670
1680
1736
1783
1828
1832
1835
1841
1977
2008
2021
2022
2041
2097
2135
2136
2142
2158
2163
2184
2210
2217
2231
2242
2256
2260
2270
2306
2322
2351
2375
2385
2440
2480
2487
2490
2510
2519
2547
2559
2563
2567
2595
2622
2715
2738
2789
2805
2814
2823
2825
2828
2839
2881
2905
2918
2934
2935
2967
2979
3002
3004
3066
3101
3185
3187
3194
3226
3253
3254
3258
3336
3337
3348
3418
3423
3451
3467
3476
3480
3515
3525
3558
3611
3612
3696
3707
3730
3735
3745
3765
3778
3804
3805
3859
3862
3883
3888
3893
3903
3911
3928
3941
3948
3951
3969
3996
4006
4033
4043
4046
4047
4061
