20
24
61
64
68
101
125
160
221
223
237
239
298
300
311
343
390
394
397
471
480
481
491
511
519
536
546
560
579
615
619
659
685
689
694
708
719
752
753
764
795
798
808
813
818
822
846
972
979
983
1013
1031
1032
1074
1081
1086
1091
1189
1221
1235
1255
1258
1270
1290
1323
1336
1343
1441
1442
1443
1444
1445
1509
1511
1531
1542
1555
1611
1629
1631
1635
1652
1656
1675
1708
1711
1733
1805
1814
1833
1856
1881
1919
1944
1963
1995
2015
2024
2064
2073
2099
2128
2139
2151
2156
2193
2244
2250
2266
2278
2311
2360
2397
2413
2415
2428
2448
2449
2487
2509
2515
2530
2535
2545
2550
2572
2575
2578
2633
2648
2655
2660
2670
2675
2696
2715
2760
2779
2787
2789
2805
2823
2829
2846
2867
2918
2919
2933
2996
2998
3000
3009
3097
3101
3103
3137
3151
3180
3198
3199
3203
3210
3222
3236
3282
3283
3284
3297
3300
3343
3352
3359
3414
3472
3479
3486
3496
3501
3506
3546
3551
3561
3573
3582
3614
3645
3817
3850
3873
3884
3885
3891
3918
3943
3974
3989
4004
4010
4053
4059
