15
41
53
75
93
105
108
110
131
144
153
187
204
225
244
249
301
346
381
398
452
465
476
502
503
519
525
528
586
592
648
651
677
680
709
730
731
737
751
766
820
883
893
899
952
963
1000
1006
1010
1030
1112
1114
1142
1154
1178
1187
1189
1229
1269
1295
1301
1322
1359
1378
1395
1403
1441
1442
1443
1444
1445
1509
1542
1555
1558
1583
1584
1616
1623
1640
1642
1644
1667
1701
1725
1762
1774
1780
1783
1798
1855
1861
1865
1877
1923
1963
1967
1980
1985
2042
2058
2060
2066
2125
2150
2203
2204
2255
2264
2276
2299
2301
2308
2311
2368
2381
2416
2419
2430
2444
2462
2486
2494
2495
2514
2565
2574
2631
2648
2699
2709
2723
2737
2768
2784
2789
2795
2808
2825
2848
2860
2868
2889
2891
2908
2922
2958
2963
2980
2993
3019
3025
3038
3056
3064
3068
3073
3080
3103
3133
3143
3183
3207
3241
3249
3275
3285
3339
3393
3394
3401
3458
3467
3473
3487
3490
3491
3510
3581
3582
3587
3635
3642
3662
3670
3674
3689
3693
3743
3751
3810
3883
3953
3958
3963
3978
4002
4011
4016
4052
