Car -1 -1 0 0 0 0 0 1.365 1.822 3.987 19.592 0.835 16.672 0.000
Car -1 -1 0 0 0 0 0 1.218 1.292 2.491 -7.824 1.058 39.058 0.000
Car -1 -1 0 0 0 0 0 0.811 1.621 2.930 27.763 0.417 17.138 0.000
Car -1 -1 0 0 0 0 0 1.218 1.463 3.897 13.275 1.003 16.748 0.000
Car -1 -1 0 0 0 0 0 0.234 0.518 1.103 -10.064 0.841 38.514 0.000
Bicycle -1 -1 0 0 0 0 0 1.224 1.551 0.662 3.434 0.964 33.272 0.000
Person -1 -1 0 0 0 0 0 1.476 0.562 0.444 5.689 0.569 34.161 0.000
Car -1 -1 0 0 0 0 0 1.520 1.808 3.660 5.199 0.977 20.698 0.000
Car -1 -1 0 0 0 0 0 1.396 1.722 1.704 -0.237 1.152 25.133 0.000
Car -1 -1 0 0 0 0 0 1.403 1.558 3.767 -10.847 1.794 18.866 0.000
Person -1 -1 0 0 0 0 0 1.617 0.717 0.575 17.047 0.852 14.095 0.000
Person -1 -1 0 0 0 0 0 0.558 0.192 0.384 5.663 0.274 29.566 0.000
Person -1 -1 0 0 0 0 0 1.025 0.767 0.842 17.482 0.939 11.805 0.000
