Car -1 -1 0 0 0 0 0 1.195 1.343 2.637 -7.861 1.034 38.362 0.000
Car -1 -1 0 0 0 0 0 0.803 0.100 0.553 29.098 0.407 15.626 0.000
Car -1 -1 0 0 0 0 0 1.238 1.922 4.152 19.651 0.865 15.995 0.000
Car -1 -1 0 0 0 0 0 0.376 0.781 0.326 26.368 0.179 16.766 0.000
Car -1 -1 0 0 0 0 0 1.283 1.401 3.974 13.265 1.062 15.978 0.000
Car -1 -1 0 0 0 0 0 0.229 0.527 1.013 -10.025 0.820 37.718 0.000
Bicycle -1 -1 0 0 0 0 0 0.811 1.257 0.469 3.402 0.550 32.525 0.000
Person -1 -1 0 0 0 0 0 1.446 0.511 0.439 5.721 0.549 33.365 0.000
Person -1 -1 0 0 0 0 0 0.337 0.444 0.108 7.328 -0.296 29.281 0.000
Car -1 -1 0 0 0 0 0 1.643 1.809 3.631 5.204 1.107 19.929 0.000
Car -1 -1 0 0 0 0 0 1.396 2.619 1.727 -0.244 1.153 25.798 0.000
Car -1 -1 0 0 0 0 0 1.351 1.606 3.656 -10.719 1.724 18.103 0.000
Person -1 -1 0 0 0 0 0 1.051 0.737 0.580 17.131 0.446 13.421 0.000
Person -1 -1 0 0 0 0 0 0.544 0.208 0.352 5.670 0.258 28.812 0.000
Person -1 -1 0 0 0 0 0 1.008 0.700 0.932 17.497 1.020 10.988 0.000
